   31.909090909090907     
   31.797952642367608     
   31.736275557463415     
   31.874862709259883     
   31.874862709259883     
   31.736275557463415     
   31.797952642367608     
   31.909090909090907     
   5.2353916286779949     
   9.7678183210359135E+263
  -4.4703345037210131E+261
   9.1939970233852715E+258
  -2.5223300399428949E+256
   2.5966296137996957E+253
  -2.3724088968462287E+250
   5.2353916286779949     
   3.3580970484186072     
  -1.4982300518152436E+264
   3.8519010732482621E+261
  -1.4104897499984507E+259
   2.1781713925070355E+256
  -3.9843741746590242E+253
   2.0532162158354321E+250
   3.3580970484186072     
   2.6459496618872582     
   6.5468406218445427E+263
  -2.9995042009959396E+261
   6.1757129406095802E+258
  -1.6961306453242075E+256
   1.7479983645933138E+253
  -1.5988016699636911E+250
   2.6459496618872582     
   2.2672003348506253     
  -3.4010886881167856E+263
   8.7521357548202784E+260
  -3.2078186711765763E+258
   4.9582858374969968E+255
  -9.0782041123491458E+252
   4.6824625046696829E+249
   2.2672003348506253     
   2.0311879008555551     
   7.2562272872292768E+262
  -3.3271632867322181E+260
   6.8557622001157947E+257
  -1.8843988943622852E+255
   1.9435629910023385E+252
  -1.7790839853379507E+249
   2.0311879008555551     
   1.8697154805208271     
  -1.9139485551934964E+262
   4.9283498538657776E+259
  -1.8074797197768275E+257
   2.7955697926736826E+254
  -5.1217017142664609E+251
   2.6434054343116496E+248
   1.8697154805208271     
   1.7521697203471553     
  0.73006205425253157     
  0.16283509308447713     
   1.4373825055077361     
   1.4373825055077352     
  0.16283509308447669     
  0.73006205425253268     
   1.7521697203471553     
