  -4.6875000000000000       -4.6875000000000000        0.0000000000000000     
  -4.6875000000000000       -4.3750000000000000        0.0000000000000000     
  -4.6875000000000000       -4.0625000000000000        0.0000000000000000     
  -4.6875000000000000       -3.7500000000000000        0.0000000000000000     
  -4.6875000000000000       -3.4375000000000000        0.0000000000000000     
  -4.6875000000000000       -3.1250000000000000        0.0000000000000000     
  -4.6875000000000000       -2.8125000000000000        0.0000000000000000     
  -4.6875000000000000       -2.5000000000000000        0.0000000000000000     
  -4.6875000000000000       -2.1875000000000000        0.0000000000000000     
  -4.6875000000000000       -1.8750000000000000        0.0000000000000000     
  -4.6875000000000000       -1.5625000000000000        0.0000000000000000     
  -4.6875000000000000       -1.2500000000000000        0.0000000000000000     
  -4.6875000000000000      -0.93750000000000000        0.0000000000000000     
  -4.6875000000000000      -0.62500000000000000        0.0000000000000000     
  -4.6875000000000000      -0.31250000000000000        0.0000000000000000     
  -4.6875000000000000        0.0000000000000000        0.0000000000000000     
  -4.6875000000000000       0.31250000000000000        0.0000000000000000     
  -4.6875000000000000       0.62500000000000000        0.0000000000000000     
  -4.6875000000000000       0.93750000000000000        0.0000000000000000     
  -4.6875000000000000        1.2500000000000000        0.0000000000000000     
  -4.6875000000000000        1.5625000000000000        0.0000000000000000     
  -4.6875000000000000        1.8750000000000000        0.0000000000000000     
  -4.6875000000000000        2.1875000000000000        0.0000000000000000     
  -4.6875000000000000        2.5000000000000000        0.0000000000000000     
  -4.6875000000000000        2.8125000000000000        0.0000000000000000     
  -4.6875000000000000        3.1250000000000000        0.0000000000000000     
  -4.6875000000000000        3.4375000000000000        0.0000000000000000     
  -4.6875000000000000        3.7500000000000000        0.0000000000000000     
  -4.6875000000000000        4.0625000000000000        0.0000000000000000     
  -4.6875000000000000        4.3750000000000000        0.0000000000000000     
  -4.6875000000000000        4.6875000000000000        0.0000000000000000     
  -4.6875000000000000        5.0000000000000000        0.0000000000000000     
  -4.6875000000000000        5.3125000000000000        0.0000000000000000     
  -4.3750000000000000       -4.6875000000000000        0.0000000000000000     
  -4.3750000000000000       -4.3750000000000000                            NaN
  -4.3750000000000000       -4.0625000000000000                            NaN
  -4.3750000000000000       -3.7500000000000000                            NaN
  -4.3750000000000000       -3.4375000000000000                            NaN
  -4.3750000000000000       -3.1250000000000000                            NaN
  -4.3750000000000000       -2.8125000000000000                            NaN
  -4.3750000000000000       -2.5000000000000000                            NaN
  -4.3750000000000000       -2.1875000000000000                            NaN
  -4.3750000000000000       -1.8750000000000000                            NaN
  -4.3750000000000000       -1.5625000000000000                            NaN
  -4.3750000000000000       -1.2500000000000000                            NaN
  -4.3750000000000000      -0.93750000000000000                            NaN
  -4.3750000000000000      -0.62500000000000000                            NaN
  -4.3750000000000000      -0.31250000000000000                            NaN
  -4.3750000000000000        0.0000000000000000                            NaN
  -4.3750000000000000       0.31250000000000000                            NaN
  -4.3750000000000000       0.62500000000000000                            NaN
  -4.3750000000000000       0.93750000000000000                            NaN
  -4.3750000000000000        1.2500000000000000                            NaN
  -4.3750000000000000        1.5625000000000000                            NaN
  -4.3750000000000000        1.8750000000000000                            NaN
  -4.3750000000000000        2.1875000000000000                            NaN
  -4.3750000000000000        2.5000000000000000                            NaN
  -4.3750000000000000        2.8125000000000000                            NaN
  -4.3750000000000000        3.1250000000000000                            NaN
  -4.3750000000000000        3.4375000000000000                            NaN
  -4.3750000000000000        3.7500000000000000                            NaN
  -4.3750000000000000        4.0625000000000000                            NaN
  -4.3750000000000000        4.3750000000000000                            NaN
  -4.3750000000000000        4.6875000000000000                            NaN
  -4.3750000000000000        5.0000000000000000                            NaN
  -4.3750000000000000        5.3125000000000000        0.0000000000000000     
  -4.0625000000000000       -4.6875000000000000        0.0000000000000000     
  -4.0625000000000000       -4.3750000000000000                            NaN
  -4.0625000000000000       -4.0625000000000000                            NaN
  -4.0625000000000000       -3.7500000000000000                            NaN
  -4.0625000000000000       -3.4375000000000000                            NaN
  -4.0625000000000000       -3.1250000000000000                            NaN
  -4.0625000000000000       -2.8125000000000000                            NaN
  -4.0625000000000000       -2.5000000000000000                            NaN
  -4.0625000000000000       -2.1875000000000000                            NaN
  -4.0625000000000000       -1.8750000000000000                            NaN
  -4.0625000000000000       -1.5625000000000000                            NaN
  -4.0625000000000000       -1.2500000000000000                            NaN
  -4.0625000000000000      -0.93750000000000000                            NaN
  -4.0625000000000000      -0.62500000000000000                            NaN
  -4.0625000000000000      -0.31250000000000000                            NaN
  -4.0625000000000000        0.0000000000000000                            NaN
  -4.0625000000000000       0.31250000000000000                            NaN
  -4.0625000000000000       0.62500000000000000                            NaN
  -4.0625000000000000       0.93750000000000000                            NaN
  -4.0625000000000000        1.2500000000000000                            NaN
  -4.0625000000000000        1.5625000000000000                            NaN
  -4.0625000000000000        1.8750000000000000                            NaN
  -4.0625000000000000        2.1875000000000000                            NaN
  -4.0625000000000000        2.5000000000000000                            NaN
  -4.0625000000000000        2.8125000000000000                            NaN
  -4.0625000000000000        3.1250000000000000                            NaN
  -4.0625000000000000        3.4375000000000000                            NaN
  -4.0625000000000000        3.7500000000000000                            NaN
  -4.0625000000000000        4.0625000000000000                            NaN
  -4.0625000000000000        4.3750000000000000                            NaN
  -4.0625000000000000        4.6875000000000000                            NaN
  -4.0625000000000000        5.0000000000000000                            NaN
  -4.0625000000000000        5.3125000000000000        0.0000000000000000     
  -3.7500000000000000       -4.6875000000000000        0.0000000000000000     
  -3.7500000000000000       -4.3750000000000000                            NaN
  -3.7500000000000000       -4.0625000000000000                            NaN
  -3.7500000000000000       -3.7500000000000000                            NaN
  -3.7500000000000000       -3.4375000000000000                            NaN
  -3.7500000000000000       -3.1250000000000000                            NaN
  -3.7500000000000000       -2.8125000000000000                            NaN
  -3.7500000000000000       -2.5000000000000000                            NaN
  -3.7500000000000000       -2.1875000000000000                            NaN
  -3.7500000000000000       -1.8750000000000000                            NaN
  -3.7500000000000000       -1.5625000000000000                            NaN
  -3.7500000000000000       -1.2500000000000000                            NaN
  -3.7500000000000000      -0.93750000000000000                            NaN
  -3.7500000000000000      -0.62500000000000000                            NaN
  -3.7500000000000000      -0.31250000000000000                            NaN
  -3.7500000000000000        0.0000000000000000                            NaN
  -3.7500000000000000       0.31250000000000000                            NaN
  -3.7500000000000000       0.62500000000000000                            NaN
  -3.7500000000000000       0.93750000000000000                            NaN
  -3.7500000000000000        1.2500000000000000                            NaN
  -3.7500000000000000        1.5625000000000000                            NaN
  -3.7500000000000000        1.8750000000000000                            NaN
  -3.7500000000000000        2.1875000000000000                            NaN
  -3.7500000000000000        2.5000000000000000                            NaN
  -3.7500000000000000        2.8125000000000000                            NaN
  -3.7500000000000000        3.1250000000000000                            NaN
  -3.7500000000000000        3.4375000000000000                            NaN
  -3.7500000000000000        3.7500000000000000                            NaN
  -3.7500000000000000        4.0625000000000000                            NaN
  -3.7500000000000000        4.3750000000000000                            NaN
  -3.7500000000000000        4.6875000000000000                            NaN
  -3.7500000000000000        5.0000000000000000                            NaN
  -3.7500000000000000        5.3125000000000000        0.0000000000000000     
  -3.4375000000000000       -4.6875000000000000        0.0000000000000000     
  -3.4375000000000000       -4.3750000000000000                            NaN
  -3.4375000000000000       -4.0625000000000000                            NaN
  -3.4375000000000000       -3.7500000000000000                            NaN
  -3.4375000000000000       -3.4375000000000000                            NaN
  -3.4375000000000000       -3.1250000000000000                            NaN
  -3.4375000000000000       -2.8125000000000000                            NaN
  -3.4375000000000000       -2.5000000000000000                            NaN
  -3.4375000000000000       -2.1875000000000000                            NaN
  -3.4375000000000000       -1.8750000000000000                            NaN
  -3.4375000000000000       -1.5625000000000000                            NaN
  -3.4375000000000000       -1.2500000000000000                            NaN
  -3.4375000000000000      -0.93750000000000000                            NaN
  -3.4375000000000000      -0.62500000000000000                            NaN
  -3.4375000000000000      -0.31250000000000000                            NaN
  -3.4375000000000000        0.0000000000000000                            NaN
  -3.4375000000000000       0.31250000000000000                            NaN
  -3.4375000000000000       0.62500000000000000                            NaN
  -3.4375000000000000       0.93750000000000000                            NaN
  -3.4375000000000000        1.2500000000000000                            NaN
  -3.4375000000000000        1.5625000000000000                            NaN
  -3.4375000000000000        1.8750000000000000                            NaN
  -3.4375000000000000        2.1875000000000000                            NaN
  -3.4375000000000000        2.5000000000000000                            NaN
  -3.4375000000000000        2.8125000000000000                            NaN
  -3.4375000000000000        3.1250000000000000                            NaN
  -3.4375000000000000        3.4375000000000000                            NaN
  -3.4375000000000000        3.7500000000000000                            NaN
  -3.4375000000000000        4.0625000000000000                            NaN
  -3.4375000000000000        4.3750000000000000                            NaN
  -3.4375000000000000        4.6875000000000000                            NaN
  -3.4375000000000000        5.0000000000000000                            NaN
  -3.4375000000000000        5.3125000000000000        0.0000000000000000     
  -3.1250000000000000       -4.6875000000000000        0.0000000000000000     
  -3.1250000000000000       -4.3750000000000000                            NaN
  -3.1250000000000000       -4.0625000000000000                            NaN
  -3.1250000000000000       -3.7500000000000000                            NaN
  -3.1250000000000000       -3.4375000000000000                            NaN
  -3.1250000000000000       -3.1250000000000000                            NaN
  -3.1250000000000000       -2.8125000000000000                            NaN
  -3.1250000000000000       -2.5000000000000000                            NaN
  -3.1250000000000000       -2.1875000000000000                            NaN
  -3.1250000000000000       -1.8750000000000000                            NaN
  -3.1250000000000000       -1.5625000000000000                            NaN
  -3.1250000000000000       -1.2500000000000000                            NaN
  -3.1250000000000000      -0.93750000000000000                            NaN
  -3.1250000000000000      -0.62500000000000000                            NaN
  -3.1250000000000000      -0.31250000000000000                            NaN
  -3.1250000000000000        0.0000000000000000                            NaN
  -3.1250000000000000       0.31250000000000000                            NaN
  -3.1250000000000000       0.62500000000000000                            NaN
  -3.1250000000000000       0.93750000000000000                            NaN
  -3.1250000000000000        1.2500000000000000                            NaN
  -3.1250000000000000        1.5625000000000000                            NaN
  -3.1250000000000000        1.8750000000000000                            NaN
  -3.1250000000000000        2.1875000000000000                            NaN
  -3.1250000000000000        2.5000000000000000                            NaN
  -3.1250000000000000        2.8125000000000000                            NaN
  -3.1250000000000000        3.1250000000000000                            NaN
  -3.1250000000000000        3.4375000000000000                            NaN
  -3.1250000000000000        3.7500000000000000                            NaN
  -3.1250000000000000        4.0625000000000000                            NaN
  -3.1250000000000000        4.3750000000000000                            NaN
  -3.1250000000000000        4.6875000000000000                            NaN
  -3.1250000000000000        5.0000000000000000                            NaN
  -3.1250000000000000        5.3125000000000000        0.0000000000000000     
  -2.8125000000000000       -4.6875000000000000        0.0000000000000000     
  -2.8125000000000000       -4.3750000000000000                            NaN
  -2.8125000000000000       -4.0625000000000000                            NaN
  -2.8125000000000000       -3.7500000000000000                            NaN
  -2.8125000000000000       -3.4375000000000000                            NaN
  -2.8125000000000000       -3.1250000000000000                            NaN
  -2.8125000000000000       -2.8125000000000000                            NaN
  -2.8125000000000000       -2.5000000000000000                            NaN
  -2.8125000000000000       -2.1875000000000000                            NaN
  -2.8125000000000000       -1.8750000000000000                            NaN
  -2.8125000000000000       -1.5625000000000000                            NaN
  -2.8125000000000000       -1.2500000000000000                            NaN
  -2.8125000000000000      -0.93750000000000000                            NaN
  -2.8125000000000000      -0.62500000000000000                            NaN
  -2.8125000000000000      -0.31250000000000000                            NaN
  -2.8125000000000000        0.0000000000000000                            NaN
  -2.8125000000000000       0.31250000000000000                            NaN
  -2.8125000000000000       0.62500000000000000                            NaN
  -2.8125000000000000       0.93750000000000000                            NaN
  -2.8125000000000000        1.2500000000000000                            NaN
  -2.8125000000000000        1.5625000000000000                            NaN
  -2.8125000000000000        1.8750000000000000                            NaN
  -2.8125000000000000        2.1875000000000000                            NaN
  -2.8125000000000000        2.5000000000000000                            NaN
  -2.8125000000000000        2.8125000000000000                            NaN
  -2.8125000000000000        3.1250000000000000                            NaN
  -2.8125000000000000        3.4375000000000000                            NaN
  -2.8125000000000000        3.7500000000000000                            NaN
  -2.8125000000000000        4.0625000000000000                            NaN
  -2.8125000000000000        4.3750000000000000                            NaN
  -2.8125000000000000        4.6875000000000000                            NaN
  -2.8125000000000000        5.0000000000000000                            NaN
  -2.8125000000000000        5.3125000000000000        0.0000000000000000     
  -2.5000000000000000       -4.6875000000000000        0.0000000000000000     
  -2.5000000000000000       -4.3750000000000000                            NaN
  -2.5000000000000000       -4.0625000000000000                            NaN
  -2.5000000000000000       -3.7500000000000000                            NaN
  -2.5000000000000000       -3.4375000000000000                            NaN
  -2.5000000000000000       -3.1250000000000000                            NaN
  -2.5000000000000000       -2.8125000000000000                            NaN
  -2.5000000000000000       -2.5000000000000000                            NaN
  -2.5000000000000000       -2.1875000000000000                            NaN
  -2.5000000000000000       -1.8750000000000000                            NaN
  -2.5000000000000000       -1.5625000000000000                            NaN
  -2.5000000000000000       -1.2500000000000000                            NaN
  -2.5000000000000000      -0.93750000000000000                            NaN
  -2.5000000000000000      -0.62500000000000000                            NaN
  -2.5000000000000000      -0.31250000000000000                            NaN
  -2.5000000000000000        0.0000000000000000                            NaN
  -2.5000000000000000       0.31250000000000000                            NaN
  -2.5000000000000000       0.62500000000000000                            NaN
  -2.5000000000000000       0.93750000000000000                            NaN
  -2.5000000000000000        1.2500000000000000                            NaN
  -2.5000000000000000        1.5625000000000000                            NaN
  -2.5000000000000000        1.8750000000000000                            NaN
  -2.5000000000000000        2.1875000000000000                            NaN
  -2.5000000000000000        2.5000000000000000                            NaN
  -2.5000000000000000        2.8125000000000000                            NaN
  -2.5000000000000000        3.1250000000000000                            NaN
  -2.5000000000000000        3.4375000000000000                            NaN
  -2.5000000000000000        3.7500000000000000                            NaN
  -2.5000000000000000        4.0625000000000000                            NaN
  -2.5000000000000000        4.3750000000000000                            NaN
  -2.5000000000000000        4.6875000000000000                            NaN
  -2.5000000000000000        5.0000000000000000                            NaN
  -2.5000000000000000        5.3125000000000000        0.0000000000000000     
  -2.1875000000000000       -4.6875000000000000        0.0000000000000000     
  -2.1875000000000000       -4.3750000000000000                            NaN
  -2.1875000000000000       -4.0625000000000000                            NaN
  -2.1875000000000000       -3.7500000000000000                            NaN
  -2.1875000000000000       -3.4375000000000000                            NaN
  -2.1875000000000000       -3.1250000000000000                            NaN
  -2.1875000000000000       -2.8125000000000000                            NaN
  -2.1875000000000000       -2.5000000000000000                            NaN
  -2.1875000000000000       -2.1875000000000000                            NaN
  -2.1875000000000000       -1.8750000000000000                            NaN
  -2.1875000000000000       -1.5625000000000000                            NaN
  -2.1875000000000000       -1.2500000000000000                            NaN
  -2.1875000000000000      -0.93750000000000000                            NaN
  -2.1875000000000000      -0.62500000000000000                            NaN
  -2.1875000000000000      -0.31250000000000000                            NaN
  -2.1875000000000000        0.0000000000000000                            NaN
  -2.1875000000000000       0.31250000000000000                            NaN
  -2.1875000000000000       0.62500000000000000                            NaN
  -2.1875000000000000       0.93750000000000000                            NaN
  -2.1875000000000000        1.2500000000000000                            NaN
  -2.1875000000000000        1.5625000000000000                            NaN
  -2.1875000000000000        1.8750000000000000                            NaN
  -2.1875000000000000        2.1875000000000000                            NaN
  -2.1875000000000000        2.5000000000000000                            NaN
  -2.1875000000000000        2.8125000000000000                            NaN
  -2.1875000000000000        3.1250000000000000                            NaN
  -2.1875000000000000        3.4375000000000000                            NaN
  -2.1875000000000000        3.7500000000000000                            NaN
  -2.1875000000000000        4.0625000000000000                            NaN
  -2.1875000000000000        4.3750000000000000                            NaN
  -2.1875000000000000        4.6875000000000000                            NaN
  -2.1875000000000000        5.0000000000000000                            NaN
  -2.1875000000000000        5.3125000000000000        0.0000000000000000     
  -1.8750000000000000       -4.6875000000000000        0.0000000000000000     
  -1.8750000000000000       -4.3750000000000000                            NaN
  -1.8750000000000000       -4.0625000000000000                            NaN
  -1.8750000000000000       -3.7500000000000000                            NaN
  -1.8750000000000000       -3.4375000000000000                            NaN
  -1.8750000000000000       -3.1250000000000000                            NaN
  -1.8750000000000000       -2.8125000000000000                            NaN
  -1.8750000000000000       -2.5000000000000000                            NaN
  -1.8750000000000000       -2.1875000000000000                            NaN
  -1.8750000000000000       -1.8750000000000000                            NaN
  -1.8750000000000000       -1.5625000000000000                            NaN
  -1.8750000000000000       -1.2500000000000000                            NaN
  -1.8750000000000000      -0.93750000000000000                            NaN
  -1.8750000000000000      -0.62500000000000000                            NaN
  -1.8750000000000000      -0.31250000000000000                            NaN
  -1.8750000000000000        0.0000000000000000                            NaN
  -1.8750000000000000       0.31250000000000000                            NaN
  -1.8750000000000000       0.62500000000000000                            NaN
  -1.8750000000000000       0.93750000000000000                            NaN
  -1.8750000000000000        1.2500000000000000                            NaN
  -1.8750000000000000        1.5625000000000000                            NaN
  -1.8750000000000000        1.8750000000000000                            NaN
  -1.8750000000000000        2.1875000000000000                            NaN
  -1.8750000000000000        2.5000000000000000                            NaN
  -1.8750000000000000        2.8125000000000000                            NaN
  -1.8750000000000000        3.1250000000000000                            NaN
  -1.8750000000000000        3.4375000000000000                            NaN
  -1.8750000000000000        3.7500000000000000                            NaN
  -1.8750000000000000        4.0625000000000000                            NaN
  -1.8750000000000000        4.3750000000000000                            NaN
  -1.8750000000000000        4.6875000000000000                            NaN
  -1.8750000000000000        5.0000000000000000                            NaN
  -1.8750000000000000        5.3125000000000000        0.0000000000000000     
  -1.5625000000000000       -4.6875000000000000        0.0000000000000000     
  -1.5625000000000000       -4.3750000000000000                            NaN
  -1.5625000000000000       -4.0625000000000000                            NaN
  -1.5625000000000000       -3.7500000000000000                            NaN
  -1.5625000000000000       -3.4375000000000000                            NaN
  -1.5625000000000000       -3.1250000000000000                            NaN
  -1.5625000000000000       -2.8125000000000000                            NaN
  -1.5625000000000000       -2.5000000000000000                            NaN
  -1.5625000000000000       -2.1875000000000000                            NaN
  -1.5625000000000000       -1.8750000000000000                            NaN
  -1.5625000000000000       -1.5625000000000000                            NaN
  -1.5625000000000000       -1.2500000000000000                            NaN
  -1.5625000000000000      -0.93750000000000000                            NaN
  -1.5625000000000000      -0.62500000000000000                            NaN
  -1.5625000000000000      -0.31250000000000000                            NaN
  -1.5625000000000000        0.0000000000000000                            NaN
  -1.5625000000000000       0.31250000000000000                            NaN
  -1.5625000000000000       0.62500000000000000                            NaN
  -1.5625000000000000       0.93750000000000000                            NaN
  -1.5625000000000000        1.2500000000000000                            NaN
  -1.5625000000000000        1.5625000000000000                            NaN
  -1.5625000000000000        1.8750000000000000                            NaN
  -1.5625000000000000        2.1875000000000000                            NaN
  -1.5625000000000000        2.5000000000000000                            NaN
  -1.5625000000000000        2.8125000000000000                            NaN
  -1.5625000000000000        3.1250000000000000                            NaN
  -1.5625000000000000        3.4375000000000000                            NaN
  -1.5625000000000000        3.7500000000000000                            NaN
  -1.5625000000000000        4.0625000000000000                            NaN
  -1.5625000000000000        4.3750000000000000                            NaN
  -1.5625000000000000        4.6875000000000000                            NaN
  -1.5625000000000000        5.0000000000000000                            NaN
  -1.5625000000000000        5.3125000000000000        0.0000000000000000     
  -1.2500000000000000       -4.6875000000000000        0.0000000000000000     
  -1.2500000000000000       -4.3750000000000000                            NaN
  -1.2500000000000000       -4.0625000000000000                            NaN
  -1.2500000000000000       -3.7500000000000000                            NaN
  -1.2500000000000000       -3.4375000000000000                            NaN
  -1.2500000000000000       -3.1250000000000000                            NaN
  -1.2500000000000000       -2.8125000000000000                            NaN
  -1.2500000000000000       -2.5000000000000000                            NaN
  -1.2500000000000000       -2.1875000000000000                            NaN
  -1.2500000000000000       -1.8750000000000000                            NaN
  -1.2500000000000000       -1.5625000000000000                            NaN
  -1.2500000000000000       -1.2500000000000000                            NaN
  -1.2500000000000000      -0.93750000000000000                            NaN
  -1.2500000000000000      -0.62500000000000000                            NaN
  -1.2500000000000000      -0.31250000000000000                            NaN
  -1.2500000000000000        0.0000000000000000                            NaN
  -1.2500000000000000       0.31250000000000000                            NaN
  -1.2500000000000000       0.62500000000000000                            NaN
  -1.2500000000000000       0.93750000000000000                            NaN
  -1.2500000000000000        1.2500000000000000                            NaN
  -1.2500000000000000        1.5625000000000000                            NaN
  -1.2500000000000000        1.8750000000000000                            NaN
  -1.2500000000000000        2.1875000000000000                            NaN
  -1.2500000000000000        2.5000000000000000                            NaN
  -1.2500000000000000        2.8125000000000000                            NaN
  -1.2500000000000000        3.1250000000000000                            NaN
  -1.2500000000000000        3.4375000000000000                            NaN
  -1.2500000000000000        3.7500000000000000                            NaN
  -1.2500000000000000        4.0625000000000000                            NaN
  -1.2500000000000000        4.3750000000000000                            NaN
  -1.2500000000000000        4.6875000000000000                            NaN
  -1.2500000000000000        5.0000000000000000                            NaN
  -1.2500000000000000        5.3125000000000000        0.0000000000000000     
 -0.93750000000000000       -4.6875000000000000        0.0000000000000000     
 -0.93750000000000000       -4.3750000000000000                            NaN
 -0.93750000000000000       -4.0625000000000000                            NaN
 -0.93750000000000000       -3.7500000000000000                            NaN
 -0.93750000000000000       -3.4375000000000000                            NaN
 -0.93750000000000000       -3.1250000000000000                            NaN
 -0.93750000000000000       -2.8125000000000000                            NaN
 -0.93750000000000000       -2.5000000000000000                            NaN
 -0.93750000000000000       -2.1875000000000000                            NaN
 -0.93750000000000000       -1.8750000000000000                            NaN
 -0.93750000000000000       -1.5625000000000000                            NaN
 -0.93750000000000000       -1.2500000000000000                            NaN
 -0.93750000000000000      -0.93750000000000000                            NaN
 -0.93750000000000000      -0.62500000000000000                            NaN
 -0.93750000000000000      -0.31250000000000000                            NaN
 -0.93750000000000000        0.0000000000000000                            NaN
 -0.93750000000000000       0.31250000000000000                            NaN
 -0.93750000000000000       0.62500000000000000                            NaN
 -0.93750000000000000       0.93750000000000000                            NaN
 -0.93750000000000000        1.2500000000000000                            NaN
 -0.93750000000000000        1.5625000000000000                            NaN
 -0.93750000000000000        1.8750000000000000                            NaN
 -0.93750000000000000        2.1875000000000000                            NaN
 -0.93750000000000000        2.5000000000000000                            NaN
 -0.93750000000000000        2.8125000000000000                            NaN
 -0.93750000000000000        3.1250000000000000                            NaN
 -0.93750000000000000        3.4375000000000000                            NaN
 -0.93750000000000000        3.7500000000000000                            NaN
 -0.93750000000000000        4.0625000000000000                            NaN
 -0.93750000000000000        4.3750000000000000                            NaN
 -0.93750000000000000        4.6875000000000000                            NaN
 -0.93750000000000000        5.0000000000000000                            NaN
 -0.93750000000000000        5.3125000000000000        0.0000000000000000     
 -0.62500000000000000       -4.6875000000000000        0.0000000000000000     
 -0.62500000000000000       -4.3750000000000000                            NaN
 -0.62500000000000000       -4.0625000000000000                            NaN
 -0.62500000000000000       -3.7500000000000000                            NaN
 -0.62500000000000000       -3.4375000000000000                            NaN
 -0.62500000000000000       -3.1250000000000000                            NaN
 -0.62500000000000000       -2.8125000000000000                            NaN
 -0.62500000000000000       -2.5000000000000000                            NaN
 -0.62500000000000000       -2.1875000000000000                            NaN
 -0.62500000000000000       -1.8750000000000000                            NaN
 -0.62500000000000000       -1.5625000000000000                            NaN
 -0.62500000000000000       -1.2500000000000000                            NaN
 -0.62500000000000000      -0.93750000000000000                            NaN
 -0.62500000000000000      -0.62500000000000000                            NaN
 -0.62500000000000000      -0.31250000000000000                            NaN
 -0.62500000000000000        0.0000000000000000                            NaN
 -0.62500000000000000       0.31250000000000000                            NaN
 -0.62500000000000000       0.62500000000000000                            NaN
 -0.62500000000000000       0.93750000000000000                            NaN
 -0.62500000000000000        1.2500000000000000                            NaN
 -0.62500000000000000        1.5625000000000000                            NaN
 -0.62500000000000000        1.8750000000000000                            NaN
 -0.62500000000000000        2.1875000000000000                            NaN
 -0.62500000000000000        2.5000000000000000                            NaN
 -0.62500000000000000        2.8125000000000000                            NaN
 -0.62500000000000000        3.1250000000000000                            NaN
 -0.62500000000000000        3.4375000000000000                            NaN
 -0.62500000000000000        3.7500000000000000                            NaN
 -0.62500000000000000        4.0625000000000000                            NaN
 -0.62500000000000000        4.3750000000000000                            NaN
 -0.62500000000000000        4.6875000000000000                            NaN
 -0.62500000000000000        5.0000000000000000                            NaN
 -0.62500000000000000        5.3125000000000000        0.0000000000000000     
 -0.31250000000000000       -4.6875000000000000        0.0000000000000000     
 -0.31250000000000000       -4.3750000000000000                            NaN
 -0.31250000000000000       -4.0625000000000000                            NaN
 -0.31250000000000000       -3.7500000000000000                            NaN
 -0.31250000000000000       -3.4375000000000000                            NaN
 -0.31250000000000000       -3.1250000000000000                            NaN
 -0.31250000000000000       -2.8125000000000000                            NaN
 -0.31250000000000000       -2.5000000000000000                            NaN
 -0.31250000000000000       -2.1875000000000000                            NaN
 -0.31250000000000000       -1.8750000000000000                            NaN
 -0.31250000000000000       -1.5625000000000000                            NaN
 -0.31250000000000000       -1.2500000000000000                            NaN
 -0.31250000000000000      -0.93750000000000000                            NaN
 -0.31250000000000000      -0.62500000000000000                            NaN
 -0.31250000000000000      -0.31250000000000000                            NaN
 -0.31250000000000000        0.0000000000000000                            NaN
 -0.31250000000000000       0.31250000000000000                            NaN
 -0.31250000000000000       0.62500000000000000                            NaN
 -0.31250000000000000       0.93750000000000000                            NaN
 -0.31250000000000000        1.2500000000000000                            NaN
 -0.31250000000000000        1.5625000000000000                            NaN
 -0.31250000000000000        1.8750000000000000                            NaN
 -0.31250000000000000        2.1875000000000000                            NaN
 -0.31250000000000000        2.5000000000000000                            NaN
 -0.31250000000000000        2.8125000000000000                            NaN
 -0.31250000000000000        3.1250000000000000                            NaN
 -0.31250000000000000        3.4375000000000000                            NaN
 -0.31250000000000000        3.7500000000000000                            NaN
 -0.31250000000000000        4.0625000000000000                            NaN
 -0.31250000000000000        4.3750000000000000                            NaN
 -0.31250000000000000        4.6875000000000000                            NaN
 -0.31250000000000000        5.0000000000000000                            NaN
 -0.31250000000000000        5.3125000000000000        0.0000000000000000     
   0.0000000000000000       -4.6875000000000000        0.0000000000000000     
   0.0000000000000000       -4.3750000000000000                            NaN
   0.0000000000000000       -4.0625000000000000                            NaN
   0.0000000000000000       -3.7500000000000000                            NaN
   0.0000000000000000       -3.4375000000000000                            NaN
   0.0000000000000000       -3.1250000000000000                            NaN
   0.0000000000000000       -2.8125000000000000                            NaN
   0.0000000000000000       -2.5000000000000000                            NaN
   0.0000000000000000       -2.1875000000000000                            NaN
   0.0000000000000000       -1.8750000000000000                            NaN
   0.0000000000000000       -1.5625000000000000                            NaN
   0.0000000000000000       -1.2500000000000000                            NaN
   0.0000000000000000      -0.93750000000000000                            NaN
   0.0000000000000000      -0.62500000000000000                            NaN
   0.0000000000000000      -0.31250000000000000                            NaN
   0.0000000000000000        0.0000000000000000                            NaN
   0.0000000000000000       0.31250000000000000                            NaN
   0.0000000000000000       0.62500000000000000                            NaN
   0.0000000000000000       0.93750000000000000                            NaN
   0.0000000000000000        1.2500000000000000                            NaN
   0.0000000000000000        1.5625000000000000                            NaN
   0.0000000000000000        1.8750000000000000                            NaN
   0.0000000000000000        2.1875000000000000                            NaN
   0.0000000000000000        2.5000000000000000                            NaN
   0.0000000000000000        2.8125000000000000                            NaN
   0.0000000000000000        3.1250000000000000                            NaN
   0.0000000000000000        3.4375000000000000                            NaN
   0.0000000000000000        3.7500000000000000                            NaN
   0.0000000000000000        4.0625000000000000                            NaN
   0.0000000000000000        4.3750000000000000                            NaN
   0.0000000000000000        4.6875000000000000                            NaN
   0.0000000000000000        5.0000000000000000                            NaN
   0.0000000000000000        5.3125000000000000        0.0000000000000000     
  0.31250000000000000       -4.6875000000000000        0.0000000000000000     
  0.31250000000000000       -4.3750000000000000                            NaN
  0.31250000000000000       -4.0625000000000000                            NaN
  0.31250000000000000       -3.7500000000000000                            NaN
  0.31250000000000000       -3.4375000000000000                            NaN
  0.31250000000000000       -3.1250000000000000                            NaN
  0.31250000000000000       -2.8125000000000000                            NaN
  0.31250000000000000       -2.5000000000000000                            NaN
  0.31250000000000000       -2.1875000000000000                            NaN
  0.31250000000000000       -1.8750000000000000                            NaN
  0.31250000000000000       -1.5625000000000000                            NaN
  0.31250000000000000       -1.2500000000000000                            NaN
  0.31250000000000000      -0.93750000000000000                            NaN
  0.31250000000000000      -0.62500000000000000                            NaN
  0.31250000000000000      -0.31250000000000000                            NaN
  0.31250000000000000        0.0000000000000000                            NaN
  0.31250000000000000       0.31250000000000000                            NaN
  0.31250000000000000       0.62500000000000000                            NaN
  0.31250000000000000       0.93750000000000000                            NaN
  0.31250000000000000        1.2500000000000000                            NaN
  0.31250000000000000        1.5625000000000000                            NaN
  0.31250000000000000        1.8750000000000000                            NaN
  0.31250000000000000        2.1875000000000000                            NaN
  0.31250000000000000        2.5000000000000000                            NaN
  0.31250000000000000        2.8125000000000000                            NaN
  0.31250000000000000        3.1250000000000000                            NaN
  0.31250000000000000        3.4375000000000000                            NaN
  0.31250000000000000        3.7500000000000000                            NaN
  0.31250000000000000        4.0625000000000000                            NaN
  0.31250000000000000        4.3750000000000000                            NaN
  0.31250000000000000        4.6875000000000000                            NaN
  0.31250000000000000        5.0000000000000000                            NaN
  0.31250000000000000        5.3125000000000000        0.0000000000000000     
  0.62500000000000000       -4.6875000000000000        0.0000000000000000     
  0.62500000000000000       -4.3750000000000000                            NaN
  0.62500000000000000       -4.0625000000000000                            NaN
  0.62500000000000000       -3.7500000000000000                            NaN
  0.62500000000000000       -3.4375000000000000                            NaN
  0.62500000000000000       -3.1250000000000000                            NaN
  0.62500000000000000       -2.8125000000000000                            NaN
  0.62500000000000000       -2.5000000000000000                            NaN
  0.62500000000000000       -2.1875000000000000                            NaN
  0.62500000000000000       -1.8750000000000000                            NaN
  0.62500000000000000       -1.5625000000000000                            NaN
  0.62500000000000000       -1.2500000000000000                            NaN
  0.62500000000000000      -0.93750000000000000                            NaN
  0.62500000000000000      -0.62500000000000000                            NaN
  0.62500000000000000      -0.31250000000000000                            NaN
  0.62500000000000000        0.0000000000000000                            NaN
  0.62500000000000000       0.31250000000000000                            NaN
  0.62500000000000000       0.62500000000000000                            NaN
  0.62500000000000000       0.93750000000000000                            NaN
  0.62500000000000000        1.2500000000000000                            NaN
  0.62500000000000000        1.5625000000000000                            NaN
  0.62500000000000000        1.8750000000000000                            NaN
  0.62500000000000000        2.1875000000000000                            NaN
  0.62500000000000000        2.5000000000000000                            NaN
  0.62500000000000000        2.8125000000000000                            NaN
  0.62500000000000000        3.1250000000000000                            NaN
  0.62500000000000000        3.4375000000000000                            NaN
  0.62500000000000000        3.7500000000000000                            NaN
  0.62500000000000000        4.0625000000000000                            NaN
  0.62500000000000000        4.3750000000000000                            NaN
  0.62500000000000000        4.6875000000000000                            NaN
  0.62500000000000000        5.0000000000000000                            NaN
  0.62500000000000000        5.3125000000000000        0.0000000000000000     
  0.93750000000000000       -4.6875000000000000        0.0000000000000000     
  0.93750000000000000       -4.3750000000000000                            NaN
  0.93750000000000000       -4.0625000000000000                            NaN
  0.93750000000000000       -3.7500000000000000                            NaN
  0.93750000000000000       -3.4375000000000000                            NaN
  0.93750000000000000       -3.1250000000000000                            NaN
  0.93750000000000000       -2.8125000000000000                            NaN
  0.93750000000000000       -2.5000000000000000                            NaN
  0.93750000000000000       -2.1875000000000000                            NaN
  0.93750000000000000       -1.8750000000000000                            NaN
  0.93750000000000000       -1.5625000000000000                            NaN
  0.93750000000000000       -1.2500000000000000                            NaN
  0.93750000000000000      -0.93750000000000000                            NaN
  0.93750000000000000      -0.62500000000000000                            NaN
  0.93750000000000000      -0.31250000000000000                            NaN
  0.93750000000000000        0.0000000000000000                            NaN
  0.93750000000000000       0.31250000000000000                            NaN
  0.93750000000000000       0.62500000000000000                            NaN
  0.93750000000000000       0.93750000000000000                            NaN
  0.93750000000000000        1.2500000000000000                            NaN
  0.93750000000000000        1.5625000000000000                            NaN
  0.93750000000000000        1.8750000000000000                            NaN
  0.93750000000000000        2.1875000000000000                            NaN
  0.93750000000000000        2.5000000000000000                            NaN
  0.93750000000000000        2.8125000000000000                            NaN
  0.93750000000000000        3.1250000000000000                            NaN
  0.93750000000000000        3.4375000000000000                            NaN
  0.93750000000000000        3.7500000000000000                            NaN
  0.93750000000000000        4.0625000000000000                            NaN
  0.93750000000000000        4.3750000000000000                            NaN
  0.93750000000000000        4.6875000000000000                            NaN
  0.93750000000000000        5.0000000000000000                            NaN
  0.93750000000000000        5.3125000000000000        0.0000000000000000     
   1.2500000000000000       -4.6875000000000000        0.0000000000000000     
   1.2500000000000000       -4.3750000000000000                            NaN
   1.2500000000000000       -4.0625000000000000                            NaN
   1.2500000000000000       -3.7500000000000000                            NaN
   1.2500000000000000       -3.4375000000000000                            NaN
   1.2500000000000000       -3.1250000000000000                            NaN
   1.2500000000000000       -2.8125000000000000                            NaN
   1.2500000000000000       -2.5000000000000000                            NaN
   1.2500000000000000       -2.1875000000000000                            NaN
   1.2500000000000000       -1.8750000000000000                            NaN
   1.2500000000000000       -1.5625000000000000                            NaN
   1.2500000000000000       -1.2500000000000000                            NaN
   1.2500000000000000      -0.93750000000000000                            NaN
   1.2500000000000000      -0.62500000000000000                            NaN
   1.2500000000000000      -0.31250000000000000                            NaN
   1.2500000000000000        0.0000000000000000                            NaN
   1.2500000000000000       0.31250000000000000                            NaN
   1.2500000000000000       0.62500000000000000                            NaN
   1.2500000000000000       0.93750000000000000                            NaN
   1.2500000000000000        1.2500000000000000                            NaN
   1.2500000000000000        1.5625000000000000                            NaN
   1.2500000000000000        1.8750000000000000                            NaN
   1.2500000000000000        2.1875000000000000                            NaN
   1.2500000000000000        2.5000000000000000                            NaN
   1.2500000000000000        2.8125000000000000                            NaN
   1.2500000000000000        3.1250000000000000                            NaN
   1.2500000000000000        3.4375000000000000                            NaN
   1.2500000000000000        3.7500000000000000                            NaN
   1.2500000000000000        4.0625000000000000                            NaN
   1.2500000000000000        4.3750000000000000                            NaN
   1.2500000000000000        4.6875000000000000                            NaN
   1.2500000000000000        5.0000000000000000                            NaN
   1.2500000000000000        5.3125000000000000        0.0000000000000000     
   1.5625000000000000       -4.6875000000000000        0.0000000000000000     
   1.5625000000000000       -4.3750000000000000                            NaN
   1.5625000000000000       -4.0625000000000000                            NaN
   1.5625000000000000       -3.7500000000000000                            NaN
   1.5625000000000000       -3.4375000000000000                            NaN
   1.5625000000000000       -3.1250000000000000                            NaN
   1.5625000000000000       -2.8125000000000000                            NaN
   1.5625000000000000       -2.5000000000000000                            NaN
   1.5625000000000000       -2.1875000000000000                            NaN
   1.5625000000000000       -1.8750000000000000                            NaN
   1.5625000000000000       -1.5625000000000000                            NaN
   1.5625000000000000       -1.2500000000000000                            NaN
   1.5625000000000000      -0.93750000000000000                            NaN
   1.5625000000000000      -0.62500000000000000                            NaN
   1.5625000000000000      -0.31250000000000000                            NaN
   1.5625000000000000        0.0000000000000000                            NaN
   1.5625000000000000       0.31250000000000000                            NaN
   1.5625000000000000       0.62500000000000000                            NaN
   1.5625000000000000       0.93750000000000000                            NaN
   1.5625000000000000        1.2500000000000000                            NaN
   1.5625000000000000        1.5625000000000000                            NaN
   1.5625000000000000        1.8750000000000000                            NaN
   1.5625000000000000        2.1875000000000000                            NaN
   1.5625000000000000        2.5000000000000000                            NaN
   1.5625000000000000        2.8125000000000000                            NaN
   1.5625000000000000        3.1250000000000000                            NaN
   1.5625000000000000        3.4375000000000000                            NaN
   1.5625000000000000        3.7500000000000000                            NaN
   1.5625000000000000        4.0625000000000000                            NaN
   1.5625000000000000        4.3750000000000000                            NaN
   1.5625000000000000        4.6875000000000000                            NaN
   1.5625000000000000        5.0000000000000000                            NaN
   1.5625000000000000        5.3125000000000000        0.0000000000000000     
   1.8750000000000000       -4.6875000000000000        0.0000000000000000     
   1.8750000000000000       -4.3750000000000000                            NaN
   1.8750000000000000       -4.0625000000000000                            NaN
   1.8750000000000000       -3.7500000000000000                            NaN
   1.8750000000000000       -3.4375000000000000                            NaN
   1.8750000000000000       -3.1250000000000000                            NaN
   1.8750000000000000       -2.8125000000000000                            NaN
   1.8750000000000000       -2.5000000000000000                            NaN
   1.8750000000000000       -2.1875000000000000                            NaN
   1.8750000000000000       -1.8750000000000000                            NaN
   1.8750000000000000       -1.5625000000000000                            NaN
   1.8750000000000000       -1.2500000000000000                            NaN
   1.8750000000000000      -0.93750000000000000                            NaN
   1.8750000000000000      -0.62500000000000000                            NaN
   1.8750000000000000      -0.31250000000000000                            NaN
   1.8750000000000000        0.0000000000000000                            NaN
   1.8750000000000000       0.31250000000000000                            NaN
   1.8750000000000000       0.62500000000000000                            NaN
   1.8750000000000000       0.93750000000000000                            NaN
   1.8750000000000000        1.2500000000000000                            NaN
   1.8750000000000000        1.5625000000000000                            NaN
   1.8750000000000000        1.8750000000000000                            NaN
   1.8750000000000000        2.1875000000000000                            NaN
   1.8750000000000000        2.5000000000000000                            NaN
   1.8750000000000000        2.8125000000000000                            NaN
   1.8750000000000000        3.1250000000000000                            NaN
   1.8750000000000000        3.4375000000000000                            NaN
   1.8750000000000000        3.7500000000000000                            NaN
   1.8750000000000000        4.0625000000000000                            NaN
   1.8750000000000000        4.3750000000000000                            NaN
   1.8750000000000000        4.6875000000000000                            NaN
   1.8750000000000000        5.0000000000000000                            NaN
   1.8750000000000000        5.3125000000000000        0.0000000000000000     
   2.1875000000000000       -4.6875000000000000        0.0000000000000000     
   2.1875000000000000       -4.3750000000000000                            NaN
   2.1875000000000000       -4.0625000000000000                            NaN
   2.1875000000000000       -3.7500000000000000                            NaN
   2.1875000000000000       -3.4375000000000000                            NaN
   2.1875000000000000       -3.1250000000000000                            NaN
   2.1875000000000000       -2.8125000000000000                            NaN
   2.1875000000000000       -2.5000000000000000                            NaN
   2.1875000000000000       -2.1875000000000000                            NaN
   2.1875000000000000       -1.8750000000000000                            NaN
   2.1875000000000000       -1.5625000000000000                            NaN
   2.1875000000000000       -1.2500000000000000                            NaN
   2.1875000000000000      -0.93750000000000000                            NaN
   2.1875000000000000      -0.62500000000000000                            NaN
   2.1875000000000000      -0.31250000000000000                            NaN
   2.1875000000000000        0.0000000000000000                            NaN
   2.1875000000000000       0.31250000000000000                            NaN
   2.1875000000000000       0.62500000000000000                            NaN
   2.1875000000000000       0.93750000000000000                            NaN
   2.1875000000000000        1.2500000000000000                            NaN
   2.1875000000000000        1.5625000000000000                            NaN
   2.1875000000000000        1.8750000000000000                            NaN
   2.1875000000000000        2.1875000000000000                            NaN
   2.1875000000000000        2.5000000000000000                            NaN
   2.1875000000000000        2.8125000000000000                            NaN
   2.1875000000000000        3.1250000000000000                            NaN
   2.1875000000000000        3.4375000000000000                            NaN
   2.1875000000000000        3.7500000000000000                            NaN
   2.1875000000000000        4.0625000000000000                            NaN
   2.1875000000000000        4.3750000000000000                            NaN
   2.1875000000000000        4.6875000000000000                            NaN
   2.1875000000000000        5.0000000000000000                            NaN
   2.1875000000000000        5.3125000000000000        0.0000000000000000     
   2.5000000000000000       -4.6875000000000000        0.0000000000000000     
   2.5000000000000000       -4.3750000000000000                            NaN
   2.5000000000000000       -4.0625000000000000                            NaN
   2.5000000000000000       -3.7500000000000000                            NaN
   2.5000000000000000       -3.4375000000000000                            NaN
   2.5000000000000000       -3.1250000000000000                            NaN
   2.5000000000000000       -2.8125000000000000                            NaN
   2.5000000000000000       -2.5000000000000000                            NaN
   2.5000000000000000       -2.1875000000000000                            NaN
   2.5000000000000000       -1.8750000000000000                            NaN
   2.5000000000000000       -1.5625000000000000                            NaN
   2.5000000000000000       -1.2500000000000000                            NaN
   2.5000000000000000      -0.93750000000000000                            NaN
   2.5000000000000000      -0.62500000000000000                            NaN
   2.5000000000000000      -0.31250000000000000                            NaN
   2.5000000000000000        0.0000000000000000                            NaN
   2.5000000000000000       0.31250000000000000                            NaN
   2.5000000000000000       0.62500000000000000                            NaN
   2.5000000000000000       0.93750000000000000                            NaN
   2.5000000000000000        1.2500000000000000                            NaN
   2.5000000000000000        1.5625000000000000                            NaN
   2.5000000000000000        1.8750000000000000                            NaN
   2.5000000000000000        2.1875000000000000                            NaN
   2.5000000000000000        2.5000000000000000                            NaN
   2.5000000000000000        2.8125000000000000                            NaN
   2.5000000000000000        3.1250000000000000                            NaN
   2.5000000000000000        3.4375000000000000                            NaN
   2.5000000000000000        3.7500000000000000                            NaN
   2.5000000000000000        4.0625000000000000                            NaN
   2.5000000000000000        4.3750000000000000                            NaN
   2.5000000000000000        4.6875000000000000                            NaN
   2.5000000000000000        5.0000000000000000                            NaN
   2.5000000000000000        5.3125000000000000        0.0000000000000000     
   2.8125000000000000       -4.6875000000000000        0.0000000000000000     
   2.8125000000000000       -4.3750000000000000                            NaN
   2.8125000000000000       -4.0625000000000000                            NaN
   2.8125000000000000       -3.7500000000000000                            NaN
   2.8125000000000000       -3.4375000000000000                            NaN
   2.8125000000000000       -3.1250000000000000                            NaN
   2.8125000000000000       -2.8125000000000000                            NaN
   2.8125000000000000       -2.5000000000000000                            NaN
   2.8125000000000000       -2.1875000000000000                            NaN
   2.8125000000000000       -1.8750000000000000                            NaN
   2.8125000000000000       -1.5625000000000000                            NaN
   2.8125000000000000       -1.2500000000000000                            NaN
   2.8125000000000000      -0.93750000000000000                            NaN
   2.8125000000000000      -0.62500000000000000                            NaN
   2.8125000000000000      -0.31250000000000000                            NaN
   2.8125000000000000        0.0000000000000000                            NaN
   2.8125000000000000       0.31250000000000000                            NaN
   2.8125000000000000       0.62500000000000000                            NaN
   2.8125000000000000       0.93750000000000000                            NaN
   2.8125000000000000        1.2500000000000000                            NaN
   2.8125000000000000        1.5625000000000000                            NaN
   2.8125000000000000        1.8750000000000000                            NaN
   2.8125000000000000        2.1875000000000000                            NaN
   2.8125000000000000        2.5000000000000000                            NaN
   2.8125000000000000        2.8125000000000000                            NaN
   2.8125000000000000        3.1250000000000000                            NaN
   2.8125000000000000        3.4375000000000000                            NaN
   2.8125000000000000        3.7500000000000000                            NaN
   2.8125000000000000        4.0625000000000000                            NaN
   2.8125000000000000        4.3750000000000000                            NaN
   2.8125000000000000        4.6875000000000000                            NaN
   2.8125000000000000        5.0000000000000000                            NaN
   2.8125000000000000        5.3125000000000000        0.0000000000000000     
   3.1250000000000000       -4.6875000000000000        0.0000000000000000     
   3.1250000000000000       -4.3750000000000000                            NaN
   3.1250000000000000       -4.0625000000000000                            NaN
   3.1250000000000000       -3.7500000000000000                            NaN
   3.1250000000000000       -3.4375000000000000                            NaN
   3.1250000000000000       -3.1250000000000000                            NaN
   3.1250000000000000       -2.8125000000000000                            NaN
   3.1250000000000000       -2.5000000000000000                            NaN
   3.1250000000000000       -2.1875000000000000                            NaN
   3.1250000000000000       -1.8750000000000000                            NaN
   3.1250000000000000       -1.5625000000000000                            NaN
   3.1250000000000000       -1.2500000000000000                            NaN
   3.1250000000000000      -0.93750000000000000                            NaN
   3.1250000000000000      -0.62500000000000000                            NaN
   3.1250000000000000      -0.31250000000000000                            NaN
   3.1250000000000000        0.0000000000000000                            NaN
   3.1250000000000000       0.31250000000000000                            NaN
   3.1250000000000000       0.62500000000000000                            NaN
   3.1250000000000000       0.93750000000000000                            NaN
   3.1250000000000000        1.2500000000000000                            NaN
   3.1250000000000000        1.5625000000000000                            NaN
   3.1250000000000000        1.8750000000000000                            NaN
   3.1250000000000000        2.1875000000000000                            NaN
   3.1250000000000000        2.5000000000000000                            NaN
   3.1250000000000000        2.8125000000000000                            NaN
   3.1250000000000000        3.1250000000000000                            NaN
   3.1250000000000000        3.4375000000000000                            NaN
   3.1250000000000000        3.7500000000000000                            NaN
   3.1250000000000000        4.0625000000000000                            NaN
   3.1250000000000000        4.3750000000000000                            NaN
   3.1250000000000000        4.6875000000000000                            NaN
   3.1250000000000000        5.0000000000000000                            NaN
   3.1250000000000000        5.3125000000000000        0.0000000000000000     
   3.4375000000000000       -4.6875000000000000        0.0000000000000000     
   3.4375000000000000       -4.3750000000000000                            NaN
   3.4375000000000000       -4.0625000000000000                            NaN
   3.4375000000000000       -3.7500000000000000                            NaN
   3.4375000000000000       -3.4375000000000000                            NaN
   3.4375000000000000       -3.1250000000000000                            NaN
   3.4375000000000000       -2.8125000000000000                            NaN
   3.4375000000000000       -2.5000000000000000                            NaN
   3.4375000000000000       -2.1875000000000000                            NaN
   3.4375000000000000       -1.8750000000000000                            NaN
   3.4375000000000000       -1.5625000000000000                            NaN
   3.4375000000000000       -1.2500000000000000                            NaN
   3.4375000000000000      -0.93750000000000000                            NaN
   3.4375000000000000      -0.62500000000000000                            NaN
   3.4375000000000000      -0.31250000000000000                            NaN
   3.4375000000000000        0.0000000000000000                            NaN
   3.4375000000000000       0.31250000000000000                            NaN
   3.4375000000000000       0.62500000000000000                            NaN
   3.4375000000000000       0.93750000000000000                            NaN
   3.4375000000000000        1.2500000000000000                            NaN
   3.4375000000000000        1.5625000000000000                            NaN
   3.4375000000000000        1.8750000000000000                            NaN
   3.4375000000000000        2.1875000000000000                            NaN
   3.4375000000000000        2.5000000000000000                            NaN
   3.4375000000000000        2.8125000000000000                            NaN
   3.4375000000000000        3.1250000000000000                            NaN
   3.4375000000000000        3.4375000000000000                            NaN
   3.4375000000000000        3.7500000000000000                            NaN
   3.4375000000000000        4.0625000000000000                            NaN
   3.4375000000000000        4.3750000000000000                            NaN
   3.4375000000000000        4.6875000000000000                            NaN
   3.4375000000000000        5.0000000000000000                            NaN
   3.4375000000000000        5.3125000000000000        0.0000000000000000     
   3.7500000000000000       -4.6875000000000000        0.0000000000000000     
   3.7500000000000000       -4.3750000000000000                            NaN
   3.7500000000000000       -4.0625000000000000                            NaN
   3.7500000000000000       -3.7500000000000000                            NaN
   3.7500000000000000       -3.4375000000000000                            NaN
   3.7500000000000000       -3.1250000000000000                            NaN
   3.7500000000000000       -2.8125000000000000                            NaN
   3.7500000000000000       -2.5000000000000000                            NaN
   3.7500000000000000       -2.1875000000000000                            NaN
   3.7500000000000000       -1.8750000000000000                            NaN
   3.7500000000000000       -1.5625000000000000                            NaN
   3.7500000000000000       -1.2500000000000000                            NaN
   3.7500000000000000      -0.93750000000000000                            NaN
   3.7500000000000000      -0.62500000000000000                            NaN
   3.7500000000000000      -0.31250000000000000                            NaN
   3.7500000000000000        0.0000000000000000                            NaN
   3.7500000000000000       0.31250000000000000                            NaN
   3.7500000000000000       0.62500000000000000                            NaN
   3.7500000000000000       0.93750000000000000                            NaN
   3.7500000000000000        1.2500000000000000                            NaN
   3.7500000000000000        1.5625000000000000                            NaN
   3.7500000000000000        1.8750000000000000                            NaN
   3.7500000000000000        2.1875000000000000                            NaN
   3.7500000000000000        2.5000000000000000                            NaN
   3.7500000000000000        2.8125000000000000                            NaN
   3.7500000000000000        3.1250000000000000                            NaN
   3.7500000000000000        3.4375000000000000                            NaN
   3.7500000000000000        3.7500000000000000                            NaN
   3.7500000000000000        4.0625000000000000                            NaN
   3.7500000000000000        4.3750000000000000                            NaN
   3.7500000000000000        4.6875000000000000                            NaN
   3.7500000000000000        5.0000000000000000                            NaN
   3.7500000000000000        5.3125000000000000        0.0000000000000000     
   4.0625000000000000       -4.6875000000000000        0.0000000000000000     
   4.0625000000000000       -4.3750000000000000                            NaN
   4.0625000000000000       -4.0625000000000000                            NaN
   4.0625000000000000       -3.7500000000000000                            NaN
   4.0625000000000000       -3.4375000000000000                            NaN
   4.0625000000000000       -3.1250000000000000                            NaN
   4.0625000000000000       -2.8125000000000000                            NaN
   4.0625000000000000       -2.5000000000000000                            NaN
   4.0625000000000000       -2.1875000000000000                            NaN
   4.0625000000000000       -1.8750000000000000                            NaN
   4.0625000000000000       -1.5625000000000000                            NaN
   4.0625000000000000       -1.2500000000000000                            NaN
   4.0625000000000000      -0.93750000000000000                            NaN
   4.0625000000000000      -0.62500000000000000                            NaN
   4.0625000000000000      -0.31250000000000000                            NaN
   4.0625000000000000        0.0000000000000000                            NaN
   4.0625000000000000       0.31250000000000000                            NaN
   4.0625000000000000       0.62500000000000000                            NaN
   4.0625000000000000       0.93750000000000000                            NaN
   4.0625000000000000        1.2500000000000000                            NaN
   4.0625000000000000        1.5625000000000000                            NaN
   4.0625000000000000        1.8750000000000000                            NaN
   4.0625000000000000        2.1875000000000000                            NaN
   4.0625000000000000        2.5000000000000000                            NaN
   4.0625000000000000        2.8125000000000000                            NaN
   4.0625000000000000        3.1250000000000000                            NaN
   4.0625000000000000        3.4375000000000000                            NaN
   4.0625000000000000        3.7500000000000000                            NaN
   4.0625000000000000        4.0625000000000000                            NaN
   4.0625000000000000        4.3750000000000000                            NaN
   4.0625000000000000        4.6875000000000000                            NaN
   4.0625000000000000        5.0000000000000000                            NaN
   4.0625000000000000        5.3125000000000000        0.0000000000000000     
   4.3750000000000000       -4.6875000000000000        0.0000000000000000     
   4.3750000000000000       -4.3750000000000000                            NaN
   4.3750000000000000       -4.0625000000000000                            NaN
   4.3750000000000000       -3.7500000000000000                            NaN
   4.3750000000000000       -3.4375000000000000                            NaN
   4.3750000000000000       -3.1250000000000000                            NaN
   4.3750000000000000       -2.8125000000000000                            NaN
   4.3750000000000000       -2.5000000000000000                            NaN
   4.3750000000000000       -2.1875000000000000                            NaN
   4.3750000000000000       -1.8750000000000000                            NaN
   4.3750000000000000       -1.5625000000000000                            NaN
   4.3750000000000000       -1.2500000000000000                            NaN
   4.3750000000000000      -0.93750000000000000                            NaN
   4.3750000000000000      -0.62500000000000000                            NaN
   4.3750000000000000      -0.31250000000000000                            NaN
   4.3750000000000000        0.0000000000000000                            NaN
   4.3750000000000000       0.31250000000000000                            NaN
   4.3750000000000000       0.62500000000000000                            NaN
   4.3750000000000000       0.93750000000000000                            NaN
   4.3750000000000000        1.2500000000000000                            NaN
   4.3750000000000000        1.5625000000000000                            NaN
   4.3750000000000000        1.8750000000000000                            NaN
   4.3750000000000000        2.1875000000000000                            NaN
   4.3750000000000000        2.5000000000000000                            NaN
   4.3750000000000000        2.8125000000000000                            NaN
   4.3750000000000000        3.1250000000000000                            NaN
   4.3750000000000000        3.4375000000000000                            NaN
   4.3750000000000000        3.7500000000000000                            NaN
   4.3750000000000000        4.0625000000000000                            NaN
   4.3750000000000000        4.3750000000000000                            NaN
   4.3750000000000000        4.6875000000000000                            NaN
   4.3750000000000000        5.0000000000000000                            NaN
   4.3750000000000000        5.3125000000000000        0.0000000000000000     
   4.6875000000000000       -4.6875000000000000        0.0000000000000000     
   4.6875000000000000       -4.3750000000000000                            NaN
   4.6875000000000000       -4.0625000000000000                            NaN
   4.6875000000000000       -3.7500000000000000                            NaN
   4.6875000000000000       -3.4375000000000000                            NaN
   4.6875000000000000       -3.1250000000000000                            NaN
   4.6875000000000000       -2.8125000000000000                            NaN
   4.6875000000000000       -2.5000000000000000                            NaN
   4.6875000000000000       -2.1875000000000000                            NaN
   4.6875000000000000       -1.8750000000000000                            NaN
   4.6875000000000000       -1.5625000000000000                            NaN
   4.6875000000000000       -1.2500000000000000                            NaN
   4.6875000000000000      -0.93750000000000000                            NaN
   4.6875000000000000      -0.62500000000000000                            NaN
   4.6875000000000000      -0.31250000000000000                            NaN
   4.6875000000000000        0.0000000000000000                            NaN
   4.6875000000000000       0.31250000000000000                            NaN
   4.6875000000000000       0.62500000000000000                            NaN
   4.6875000000000000       0.93750000000000000                            NaN
   4.6875000000000000        1.2500000000000000                            NaN
   4.6875000000000000        1.5625000000000000                            NaN
   4.6875000000000000        1.8750000000000000                            NaN
   4.6875000000000000        2.1875000000000000                            NaN
   4.6875000000000000        2.5000000000000000                            NaN
   4.6875000000000000        2.8125000000000000                            NaN
   4.6875000000000000        3.1250000000000000                            NaN
   4.6875000000000000        3.4375000000000000                            NaN
   4.6875000000000000        3.7500000000000000                            NaN
   4.6875000000000000        4.0625000000000000                            NaN
   4.6875000000000000        4.3750000000000000                            NaN
   4.6875000000000000        4.6875000000000000                            NaN
   4.6875000000000000        5.0000000000000000                            NaN
   4.6875000000000000        5.3125000000000000        0.0000000000000000     
   5.0000000000000000       -4.6875000000000000        0.0000000000000000     
   5.0000000000000000       -4.3750000000000000                            NaN
   5.0000000000000000       -4.0625000000000000                            NaN
   5.0000000000000000       -3.7500000000000000                            NaN
   5.0000000000000000       -3.4375000000000000                            NaN
   5.0000000000000000       -3.1250000000000000                            NaN
   5.0000000000000000       -2.8125000000000000                            NaN
   5.0000000000000000       -2.5000000000000000                            NaN
   5.0000000000000000       -2.1875000000000000                            NaN
   5.0000000000000000       -1.8750000000000000                            NaN
   5.0000000000000000       -1.5625000000000000                            NaN
   5.0000000000000000       -1.2500000000000000                            NaN
   5.0000000000000000      -0.93750000000000000                            NaN
   5.0000000000000000      -0.62500000000000000                            NaN
   5.0000000000000000      -0.31250000000000000                            NaN
   5.0000000000000000        0.0000000000000000                            NaN
   5.0000000000000000       0.31250000000000000                            NaN
   5.0000000000000000       0.62500000000000000                            NaN
   5.0000000000000000       0.93750000000000000                            NaN
   5.0000000000000000        1.2500000000000000                            NaN
   5.0000000000000000        1.5625000000000000                            NaN
   5.0000000000000000        1.8750000000000000                            NaN
   5.0000000000000000        2.1875000000000000                            NaN
   5.0000000000000000        2.5000000000000000                            NaN
   5.0000000000000000        2.8125000000000000                            NaN
   5.0000000000000000        3.1250000000000000                            NaN
   5.0000000000000000        3.4375000000000000                            NaN
   5.0000000000000000        3.7500000000000000                            NaN
   5.0000000000000000        4.0625000000000000                            NaN
   5.0000000000000000        4.3750000000000000                            NaN
   5.0000000000000000        4.6875000000000000                            NaN
   5.0000000000000000        5.0000000000000000                            NaN
   5.0000000000000000        5.3125000000000000        0.0000000000000000     
   5.3125000000000000       -4.6875000000000000        0.0000000000000000     
   5.3125000000000000       -4.3750000000000000       -565.66645747185066     
   5.3125000000000000       -4.0625000000000000       -1131.3329149437013     
   5.3125000000000000       -3.7500000000000000       -1696.9993724155520     
   5.3125000000000000       -3.4375000000000000       -2262.6658298874027     
   5.3125000000000000       -3.1250000000000000       -2695.9324328342655     
   5.3125000000000000       -2.8125000000000000       -3129.1990357811278     
   5.3125000000000000       -2.5000000000000000       -3562.4656387279902     
   5.3125000000000000       -2.1875000000000000       -3995.7322416748530     
   5.3125000000000000       -1.8750000000000000       -3995.7322416748530     
   5.3125000000000000       -1.5625000000000000       -3995.7322416748530     
   5.3125000000000000       -1.2500000000000000       -3995.7322416748530     
   5.3125000000000000      -0.93750000000000000       -3995.7322416748530     
   5.3125000000000000      -0.62500000000000000       -3995.7322416748530     
   5.3125000000000000      -0.31250000000000000       -3995.7322416748530     
   5.3125000000000000        0.0000000000000000       -3995.7322416748530     
   5.3125000000000000       0.31250000000000000       -3995.7322416748530     
   5.3125000000000000       0.62500000000000000       -3995.7322416748530     
   5.3125000000000000       0.93750000000000000       -3995.7322416748530     
   5.3125000000000000        1.2500000000000000       -3995.7322416748530     
   5.3125000000000000        1.5625000000000000       -3995.7322416748530     
   5.3125000000000000        1.8750000000000000       -3995.7322416748530     
   5.3125000000000000        2.1875000000000000       -3995.7322416748530     
   5.3125000000000000        2.5000000000000000       -3995.7322416748530     
   5.3125000000000000        2.8125000000000000       -3995.7322416748530     
   5.3125000000000000        3.1250000000000000       -3562.4656387279902     
   5.3125000000000000        3.4375000000000000       -3129.1990357811278     
   5.3125000000000000        3.7500000000000000       -2695.9324328342655     
   5.3125000000000000        4.0625000000000000       -2262.6658298874027     
   5.3125000000000000        4.3750000000000000       -1696.9993724155520     
   5.3125000000000000        4.6875000000000000       -1131.3329149437013     
   5.3125000000000000        5.0000000000000000       -565.66645747185066     
   5.3125000000000000        5.3125000000000000        0.0000000000000000     
